C00003418|30281|160|10|1995
C00003418|89451|100|13|5244
C00003418|33024|500|6|1900
C00003418|21210|73|2|145
C00003418|20902|185|5|555
C00003418|75067|208|4|695
C00003418|95501|1150|3|2375
C00003418|61401|183|3|465
C00003418|22180|16750|6|33895
C00003418|29301|365|8|3390
C00003418|36092|175|3|430
C00003418|35811|540|2|640
C00003418|48347|22|5|653
C00003418|91350|220|3|500
C00003418|76006|50|3|150
C00003418|66901|100|2|200
C00003418|30052|165|4|670
C00003418|97070|250|2|350
C00003418|95367|50|1|50
C00003418|84123|100|2|200
C00003418|27332|75|4|300
C00003418|33477|1210|20|8225
C00003418|60610|100|7|610
C00003418|76034|35|27|3212
C00003418|76058|150|2|300
C00003418|44115|100|1|100
C00003418|45424|425|4|1160
C00003418|65203|275|14|1750
C00003418|27265|35|6|615
C00003418|29730|25|1|25
C00003418|30062|155|10|1760
C00003418|46394|400|2|500
C00003418|70002|1000|1|1000
C00003418|10456|250|2|285
C00003418|97477|100|2|175
C00003418|92037|50|27|6999
C00003418|45424|300|5|2160
C00003418|95685|50|5|345
C00003418|22180|33400|7|33925
C00003418|60616|100|3|300
C00003418|78015|35|6|1670
C00003418|11375|40|19|4085
C00003418|63366|110|6|825
C00003418|32754|35|6|240
C00003418|30309|50|12|1140
C00003418|33982|50|1|50
C00003418|48236|250|12|71360
C00003418|92870|250|3|600
C00003418|55110|220|3|770
C00003418|07753|150|1|150
C00003418|02132|110|5|975
C00003418|89460|35|8|2190
C00003418|52738|20|5|145
C00003418|37912|75|2|115
C00003418|11576|250|2|355
C00003418|85016|245|5|1400
C00003418|53916|623|3|1330
C00003418|32922|50|1|50
C00003418|60610|100|8|665
C00003418|85029|95|7|470
C00003418|79105|70|8|1095
C00003418|46074|100|4|670
C00003418|01462|185|1|185
C00003418|53092|100|15|6350
C00003418|93427|100|4|550
C00003418|92240|115|1|115
C00003418|33432|300|18|13475
C00003418|48219|5|12|473
C00003418|78641|250|5|848
C00003418|95062|100|4|950
C00003418|19020|50|7|1180
C00003418|76574|150|1|150
C00003418|07041|869|2|1119
C00003418|80138|250|2|260
C00003418|33180|768|9|2670
C00003418|22314|35|18|6724
C00003418|92883|133|8|870
C00003418|49040|100|3|450
C00003418|99701|155|10|1645
C00003418|11357|220|4|685
C00003418|29926|100|19|5035
C00003418|85295|25|1|25
C00003418|90041|35|6|225
C00003418|60106|30|3|70
C00003418|38551|100|1|100
C00003418|85352|25|1|25
C00003418|30127|250|3|330
C00003418|79230|25|5|225
C00003418|53223|100|1|100
C00003418|97381|25|5|360
C00003418|81612|300|1|300
C00003418|02169|50|2|100
C00003418|85248|150|9|1200
C00003418|80305|300|2|400
C00003418|34103|400|28|14621
C00003418|95014|285|14|5750
C00003418|85755|500|4|2045
C00003418|44512|5|6|105
C00003418|22801|65|13|2900
C00003418|91711|200|9|1675
C00003418|33165|185|3|510
C00003418|34105|150|26|6320
C00003418|33931|50|9|1615
C00003418|49315|150|2|250
C00003418|92886|35|4|420
C00003418|77406|105|9|1590
C00003418|92808|35|2|60
C00003418|85377|250|2|500
C00003418|52314|110|1|110
C00003418|32073|135|7|650
C00003418|80118|70|3|145
C00003418|32550|50|8|2770
C00003418|91359|500|4|2600
C00003418|31503|750|1|750
C00003418|36530|40|2|70
C00003418|28216|35|1|35
C00003418|02871|305|2|610
C00003418|28546|188|13|2060
C00003418|35565|45|8|480
C00003418|20815|300|4|900
C00003418|07003|65|2|130
C00003418|95207|405|6|1380
C00003418|11357|160|5|785
C00003418|30643|200|3|505
C00003418|58104|250|5|1425
C00003418|32309|250|6|670
C00003418|79109|110|1|110
C00003418|49024|220|2|420
C00003418|33156|175|20|75245
C00003418|39110|200|9|6150
C00003418|11725|2925|7|6979
C00003418|70809|1386|6|3662
C00003418|17201|100|1|100
C00003418|07930|110|2|220
C00003418|37803|250|3|1050
C00003418|78728|63|3|165
